vn -1.0000 0.0000 0.0000
v1 0.000000 -0.500000 0.123349
v1 0.000000 0.500000 0.123349
v1 0.000000 0.500000 -4.876651
	
vn 0.0000 0.0000 -1.0000
v2 0.000000 -0.500000 -4.876651
v2 0.000000 0.500000 -4.876651
v2 0.504244 0.500000 -4.876651
v2 2.000000 0.500000 -4.876651
v2 2.000000 -0.500000 -4.876651

vn 1.0000 0.0000 0.0000
v3 2.000000 -0.500000 -4.876651
v3 2.000000 0.500000 -4.876651
v3 2.000000 0.500000 0.123349
v3 2.000000 -0.500000 0.123349

vn 0.0000 0.0000 1.0000
v4 2.000000 -0.500000 0.123349
v4 2.000000 0.500000 0.123349
v4 0.504244 0.500000 0.123349
v4 0.000000 0.500000 0.123349
v4 0.000000 -0.500000 0.123349

vn 0.0000 -1.0000 0.0000
v5 0.000000 -0.500000 -4.876651
v5 2.000000 -0.500000 -4.876651
v5 2.000000 -0.500000 0.123349
v5 0.000000 -0.500000 0.123349

vn 0.0000 1.0000 0.0000
v6 2.000000 0.500000 -4.876651
v6 0.504244 0.500000 -4.876651
v6 0.504244 0.500000 0.123349
v6 2.000000 0.500000 0.123349

vn 0.0000 1.0000 0.0000
v7 0.504244 1.500000 0.123349
v7 0.504244 1.500000 -4.876651
v7 0.000000 1.500000 -4.876651
v7 0.000000 1.500000 0.123349

vn -1.0000 0.0000 0.0000
v8 0.000000 0.500000 -4.876651
v8 0.000000 0.500000 0.123349
v8 0.000000 1.500000 0.123349
v8 0.000000 1.500000 -4.876651

vn 0.0000 0.0000 1.0000
v9 0.000000 0.500000 0.123349
v9 0.504244 0.500000 0.123349
v9 0.504244 1.500000 0.123349
v9 0.000000 1.500000 0.123349

vn 1.0000 0.0000 0.0000
v10 0.504244 0.500000 0.123349
v10 0.504244 0.500000 -4.876651
v10 0.504244 1.500000 -4.876651
v10 0.504244 1.500000 0.123349

vn 0.0000 0.0000 -1.0000
v11 0.504244 0.500000 -4.876651
v11 0.000000 0.500000 -4.876651
v11 0.000000 1.500000 -4.876651
v11 0.504244 1.500000 -4.876651