c 0.1 0.1 2.5 10 10
cu 1.0 2.0 2.2 1.2

vn 0.0000 1.0000 0.0000
v1 1.000000 0.500000 -1.200000
v1 -1.000000 0.500000 -1.200000
v1 -1.000000 0.500000 1.200000
v1 1.000000 0.500000 1.200000

vn 0.0000 0.0000 1.0000
v2 0.000000 -0.500000 1.200000
v2 1.000000 -0.000000 1.200000
v2 -1.000000 -0.000000 1.200000

vn 0.0000 0.0000 1.0000
v3 1.000000 -0.000000 1.200000
v3 1.000000 0.500000 1.200000
v3 -1.000000 0.500000 1.200000
v3 -1.000000 -0.000000 1.200000

vn 0.0000 0.0000 -1.0000
v4 0.000000 -0.500000 -1.200000
v4 -1.000000 0.000000 -1.200000
v4 1.000000 0.000000 -1.200000

vn 0.0000 0.0000 -1.0000
v5 1.000000 0.000000 -1.200000
v5 -1.000000 0.000000 -1.200000
v5 -1.000000 0.500000 -1.200000
v5 1.000000 0.500000 -1.200000

vn -1.0000 0.0000 0.0000
v6 -1.000000 0.000000 -1.200000
v6 -1.000000 -0.000000 1.200000
v6 -1.000000 0.500000 1.200000
v6 -1.000000 0.500000 -1.200000

vn 1.0000 0.0000 0.0000
v7 1.000000 -0.000000 1.200000
v7 1.000000 0.000000 -1.200000
v7 1.000000 0.500000 -1.200000
v7 1.000000 0.500000 1.200000

vn -0.4472 -0.8944 -0.0000
v8 0.000000 -0.500000 1.200000
v8 -1.000000 -0.000000 1.200000
v8 -1.000000 0.000000 -1.200000
v8 0.000000 -0.500000 -1.200000

vn 0.4472 -0.8944 -0.0000
v9 1.000000 -0.000000 1.200000
v9 0.000000 -0.500000 1.200000
v9 0.000000 -0.500000 -1.200000
v9 1.000000 0.000000 -1.200000