b 1.0 20.0 20.0
c 0.6 1.0 1.5 20.0 20.0

vn -1.0000 0.0000 0.0000
v1 -3.500000 0.000000 3.500000
v1 -3.500000 1.000000 3.500000
v1 -3.500000 1.000000 -3.500000
v1 -3.500000 0.000000 -3.500000

vn 0.0000 0.0000 -1.0000
v2 -3.500000 0.000000 -3.500000
v2 -3.500000 1.000000 -3.500000
v2 3.500000 1.000000 -3.500000
v2 3.500000 0.000000 -3.500000

vn 1.0000 0.0000 0.0000
v3 3.500000 0.000000 -3.500000
v3 3.500000 1.000000 -3.500000
v3 3.500000 1.000000 3.500000
v3 3.500000 0.000000 3.500000

vn 0.0000 0.0000 1.0000
v4 3.500000 0.000000 3.500000
v4 3.500000 1.000000 3.500000
v4 -3.500000 1.000000 3.500000
v4 -3.500000 0.000000 3.500000

vn 0.0000 -1.0000 0.0000
v5 -3.500000 0.000000 -3.500000
v5 3.500000 0.000000 -3.500000
v5 3.500000 0.000000 3.500000
v5 -3.500000 0.000000 3.500000

vn 0.0000 1.0000 0.0000
v6 3.500000 1.000000 -3.500000
v6 -3.500000 1.000000 -3.500000
v6 -3.500000 1.000000 3.500000
v6 3.500000 1.000000 3.500000

vn 0.0000 1.0000 0.0000
v7 -3.400000 1.000000 3.400000
v7 3.400000 1.000000 3.400000
v7 3.400000 1.000000 -3.400000
v7 -3.400000 1.000000 -3.400000

