vn -0.9734 0.0000 -0.2290
v1 -1.500000 0.250000 -2.162596
v1 -1.500000 1.750000 -2.162596
v1 -1.000000 1.750000 -4.288314
v1 -1.000000 0.250000 -4.288314

vn 0.0000 0.0000 -1.0000
v2 -1.000000 0.250000 -4.288314
v2 -1.000000 1.750000 -4.288314
v2 1.000000 1.750000 -4.288314
v2 1.000000 0.250000 -4.288314

vn 0.9839 0.0000 0.1785
v3 1.500000 0.250000 -2.162596
v3 1.500000 1.750000 -2.162596
v3 0.600000 1.750000 2.797412
v3 0.600000 0.250000 2.797412

vn 0.0000 0.0000 1.0000
v4 0.600000 0.250000 2.797412
v4 0.600000 1.750000 2.797412
v4 -0.600000 1.750000 2.797412
v4 -0.600000 0.250000 2.797412

vn 0.0000 -1.0000 0.0000
v5 -1.500000 0.250000 -2.162596
v5 1.500000 0.250000 -2.162596
v5 0.600000 0.250000 2.797412
v5 -0.600000 0.250000 2.797412

vn 0.0000 1.0000 0.0000
v6 1.500000 1.750000 -2.162596
v6 -1.500000 1.750000 -2.162596
v6 -0.600000 1.750000 2.797412
v6 0.600000 1.750000 2.797412

vn 0.9734 0.0000 -0.2290
v7 1.000000 0.250000 -4.288314
v7 1.000000 1.750000 -4.288314
v7 1.500000 1.750000 -2.162596
v7 1.500000 0.250000 -2.162596

vn -0.9839 0.0000 0.1785
v8 -0.600000 0.250000 2.797412
v8 -0.600000 1.750000 2.797412
v8 -1.500000 1.750000 -2.162596
v8 -1.500000 0.250000 -2.162596