vn -1.0000 0.0000 0.0000
v1 0.302993 0.000011 -0.105986
v1 0.302993 5.394025 -0.105984
v1 0.302993 5.394030 -10.894012
v1 0.302993 0.000015 -10.894014

vn 0.0000 0.0000 -1.0000
v2 0.302993 0.000015 -10.894014
v2 0.302993 5.394030 -10.894012
v2 5.697007 5.394030 -10.894012
v2 5.697007 0.000015 -10.894014

vn 1.0000 -0.0000 0.0000
v3 5.697007 0.000015 -10.894014
v3 5.697007 5.394030 -10.894012
v3 5.697007 5.394025 -0.105984
v3 5.697007 0.000011 -0.105986

vn 0.0000 -0.0000 1.0000
v4 5.697007 0.000011 -0.105986
v4 5.697007 5.394025 -0.105984
v4 0.302993 5.394025 -0.105984
v4 0.302993 0.000011 -0.105986

vn 0.0000 -1.0000 -0.0000
v5 0.302993 0.000015 -10.894014
v5 5.697007 0.000015 -10.894014
v5 5.697007 0.000011 -0.105986
v5 0.302993 0.000011 -0.105986

vn 0.7071 0.7071 0.0000
v6 5.697007 5.394030 -10.894012
v6 3.000000 8.091037 -10.894011
v6 3.000000 8.091033 -0.105983
v6 5.697007 5.394025 -0.105984

vn -0.7071 0.7071 0.0000
v7 3.000000 8.091033 -0.105983
v7 3.000000 8.091037 -10.894011
v7 0.302993 5.394030 -10.894012
v7 0.302993 5.394025 -0.105984
