vn 0.0000 -1.0000 0.0000
v1 0.965695 -0.482847 -0.482847
v1 0.965695 -0.482847 0.482847
v1 -0.965695 -0.482847 0.482847
v1 -0.965694 -0.482847 -0.482848

vn 0.0000 1.0000 0.0000
v2 0.965695 0.482847 -0.482847
v2 -0.965695 0.482847 -0.482847
v2 -0.965695 0.482847 0.482847
v2 0.965694 0.482847 0.482848

vn 1.0000 0.0000 0.0000
v3 0.965695 -0.482847 -0.482847
v3 0.965695 0.482847 -0.482847
v3 0.965694 0.482847 0.482848
v3 0.965695 -0.482847 0.482847

vn 0.0000 0.0000 1.0000
v4 0.965695 -0.482847 0.482847
v4 0.965694 0.482847 0.482848
v4 -0.965695 0.482847 0.482847
v4 -0.965695 -0.482847 0.482847

vn -1.0000 0.0000 0.0000
v5 -0.965695 -0.482847 0.482847
v5 -0.965695 0.482847 0.482847
v5 -0.965695 0.482847 -0.482847
v5 -0.965694 -0.482847 -0.482848

vn 0.0000 0.0000 -1.0000
v6 0.965695 0.482847 -0.482847
v6 0.965695 -0.482847 -0.482847
v6 -0.965694 -0.482847 -0.482848
v6 -0.965695 0.482847 -0.482847