c 0.5 0.5 4 10 10

vn 0.0000 1.0000 0.0000
v1 4.5 3.8 -2.5
v1 4.5 3.8 2.5
v1 -4.5 3.8 2.25
v1 -4.5 3.8 -2.25

vn 0.0000 -1.0000 0.0000
v2 4.5 4.2 -2.25
v2 -4.5 4.2 -2.25
v2 -4.5 4.2 2.25
v2 4.5 4.2 2.25

vn 0.0000 0.0000 1.0000
v3 4.5 4.2 -2.25
v3 4.5 4.2 2.25
v3 4.5 4.2 2.25
v3 4.5 4.2 -2.25

vn 0.0000 0.0000 1.0000
v4 4.5 3.8 2.5
v4 4.5 4.2 2.25
v4 -4.5 4.2 2.25
v4 -4.5 3.8 2.25

vn -1.0000 -0.0000 -0.0000
v5 -4.5 3.8 2.25
v5 -4.5 4.2 2.25
v5 -4.5 4.2 -2.25
v5 -4.5 3.8 -2.25

vn 0.0000 0.0000 -1.0000
v6 4.5 4.2 -2.25
v6 4.5 3.8 -2.5
v6 -4.5 3.8 -2.25
v6 -4.5 4.2 -2.25

vn 1.0000 0.0000 0.0000
v7 4.5 3.8 -2.25
v7 4.5 4.2 -2.25
v7 4.5 4.2 2.25
v7 4.5 3.8 2.25

vn 0.0000 -1.0000 0.0000
v8 3 -0.200000 -1.500000
v8 3 -0.200000 1.500000
v8 -3 -0.200000 1.500000
v8 -3 -0.200000 -1.500000

vn 0.0000 1.0000 0.0000
v9 3.000000 0.200000 -1.500000
v9 -3.000000 0.200000 -1.500000
v9 -3.000000 0.200000 1.500000
v9 3.000000 0.200000 1.500000

vn 0.0000 0.0000 1.0000
v10 3.000000 0.200000 -1.500000
v10 3.000000 0.200000 1.500000
v10 3.000000 0.200000 1.500000
v10 3.000000 0.200000 -1.500000

vn -1.0000 -0.0000 -0.0000
v11 -2.999999 -0.200000 1.499999
v11 -3.000000 0.200000 1.499999
v11 -2.999998 0.200000 -1.499999
v11 -2.999998 -0.200000 -1.500000

vn 0.0000 0.0000 -1.0000
v12 3.000000 0.200000 -1.499998
v12 2.999999 -0.200000 -1.499999
v12 -2.999998 -0.200000 -1.500000
v12 -2.999998 0.200000 -1.499999

vn 1.0000 0.0000 0.0000
v13 2.999999 -0.200000 -1.499999
v13 3.000000 0.200000 -1.499998
v13 2.999997 0.200000 1.500000
v13 2.999999 -0.200000 1.499999